version https://git-lfs.github.com/spec/v1
oid sha256:9c7a9b9af155a5c87f72fbbd6f0ae0707590e669c335f9481beb9db70e3e1cb0
size 292046
